80

DIES

19
20
21
22
23
24
25
26
27
28

291

30
31

ΟΟὩΟΦᾼὯΝῌ

Νν-Δυ-*νῌι-ιν--ι-ιι-ιν-ιι-Αῌ
ΟΟΟΟκΙΦΨΦωΝῠ-ΟΟ

Motus in suo

duffilu ab
interseffh
cum Eclip.
G. M.
73 22
74 Ο
74 37
75 13
75 48
76 22}
76 54
77 25
77 55
78 24
78 53
79 21
79 48
80 16
80 44
81 13
81 41
82 8
82 33
82 58
83 22
83 46
84 102
84 341
84 59
85 23
85 46
86 9
86 31
86 53
87 14
87 35
87 55
88 15

00000000000000

00000000000000000000

DE MUNDI AETHEREI

MJ

38
37
36
35
34
32
31
30
29
29
28
27
28
28

29
28
27
25
25
24
24

241

24

245

24
23
23
22
22
21
21
20
20
19

LATITVDO ASCENSIO

Borea

LONGI-

TVDO

G. )·( M. G.
2 1 27
2 45 28
3 27 28
4 6 28
4 44 28
5 22 28
6 0 28
6 36 28
7 10 28
7 41 28
8 12 28
8 43 28
9 15 28
9 48 28
IANVARIVS.
10 21 28
10 53 28
11 24 28
11 54 28
12 23 28
12 51 29
13 19 29
13 47 29
14 14 29
14 42 29
15 10 29
15 37 29
16 3 29
16 30 29
16 56 29
17 21 29
17 45 29
18 8 29
18 31 29
18 541 29

’Μ

RECTA

⁷ ‘01'

324
324
325
325
326
326
327
327
328
328
329
329
329
330

330
331
331
332
332
332
333
333
333
334
334
335
335
335
336
336
336
337
337
337

M.

3
37
10
42
13
42
12
41

9
35

1
26
52
19

45
12
38

26
49
12
35
58
20
43

27
49
11

32ὲ

53
13
33
52

DECLINA·
TIO
Borea

G. M.
15 18
15 38
15 58ὲ
16 18
16 37
16 54
17 10
17 25
17 38
17 51
18 15
18 17 ιι
18 30
18 44
18 58
19 11
19 23
19 35
19 48
20 Ο
20 11
20 22
20 33
20 45
20 57
21 9
21 20
21 29
21 39
21 49ὲ
21 59
22 8
22 17
22 25

DIES

5

10

15

88

20

25

30

35

40

