178 DE MUNDI AETHEREI

otus Motus Dissantia Motusin COMETAE Distantiaa Parallax.

e umus in a fim- ab interf. Longi· =Lafflud0 diinSemid. zoni-em
T rrrrrrrrrr

eri. suoOrbe pliciO cum Ecl. tudo 1

'G ΜΙΟ. M'G. M. G. M. G. M. G. MAG. M.
27 5 39 57 28 59 4 66 8 24 2 26 33 711
28 4 41 25 28 58 47 66 58 24 56Ὶ26 44 736
29 3 42 53 28 58 28 67 46 25 49126 52 761
0;ζ 3 44 21 28 58 6 68 32 26 39 27 3 785
l 2 45 49 28 57 44 69 17 27 28 27 11 810
28 57 21 70 1 28 18 27 ,20 834
29 56 57 70 44 29 3 27 28 859
29 56 31 71 25 29 49 27 36 883
29 56 5 72 5 0)(34 27 43 907
29 55 38 72 44 l 19 27 50 931
29 55 10 73 22 1 27 55 955
29 54 41 73 59 44 28 1 979
54 ll 74 36 26j28 6 1003
4 28 12 1027
40 28 17 1051

30
16 28 22 1075

1 47 17
Ο 48 45
59 50 14
58 51 43
57 53 12
56 54 41
56 56 10
55 57 39
54 59 9
53 60 39
52 62 9
51 63 39
50 65 9
50 66 39
49 68 9
48 69 39
47 71 9
46 72 39
45 74 8

&OOOQGNQssb-‘OQN
Ν

30 53 40 75 11
53 8 75 44

55 28 26 1098

31 28 29 1121

6 28 33 1144

30
51 30 77 20
39 28 36 1167

{g 50 55 77 51
30 50 21 78 22
30 49 47 78 52
30 49 13 79 21

48 37 79 49
{g 48 1 80 17

30 52 36 76 17
52 3 76 49

11 28 39 1190

43 28 42 1213

16 28 45 1235

30
49 28 47 1257

ΝΝΝΝΝωωωωωωωωωωωω-ῥνβᾼιρνὲ-ιριρμ.

1
1
1
1
1
l
1
1
1
1
1
1
1
1
1
1
1
1
1
1
1
1
l
1

OOQOOQQOQQss—›bwoe

IANVARIVS.

44 75 37 29 47 26 80 45 10)(22 28 1279
44 77 29 46 51 81 13 10 53 28 1301
43 78 29 46 16 81 40 11 23“28 1322
42 80 29
41 81 29
40 83 29
39 84 28
39 85 28
38 87 28
10 37 88

11 0m36 90 ἐξ

45 40 82 6 11 52 28 1342
45 2 82 30 12 20 28 1362
44 25 82 55 12 48 29 1382
43 49 83 2ο 13 17 29 1402
43 12 83 44 13 45 29 1422
42 35 84 8 14 12 29 1442
41 58 84 32 14 39 29 1462
41 22 84 55 15 6 29 4 1481

ΟΟΧΙΟΝυῑιὲ-ωωμ

0
ΝΝΝΝΝΝΝΝΝΝΝ

 

ι-ιο-αι-ιν-ιι-ιι-ιι-ιν-ιμ-ιι-ιμ

 

